275.000000
234.000000
155.000000
255.000000
199.000000
125.000000
255.000000
98.000000
218.000000
135.000000
269.000000
183.000000
107.000000
49.000000
158.000000
26.000000
83.000000
228.000000
7.000000
58.000000
192.000000
39.000000
247.000000
160.000000
18.000000
69.000000
130.000000
170.000000
210.000000
47.000000
105.000000
176.000000
26.000000
80.000000
265.000000
6.000000
146.000000
58.000000
119.000000
35.000000
192.000000
92.000000
16.000000
162.000000
69.000000
47.000000
134.000000
244.000000
26.000000
106.000000
210.000000
7.000000
80.000000
174.000000
56.000000
145.000000
35.000000
262.000000
117.000000
15.000000
222.000000
92.000000
191.000000
71.000000
45.000000
24.000000
161.000000
132.000000
104.000000
83.000000
54.000000
33.000000
