7.000000
31.000000
39.000000
47.000000
52.000000
59.000000
66.000000
77.000000
86.000000
93.000000
104.000000
106.000000
107.000000
109.000000
121.000000
123.000000
124.000000
124.000000
138.000000
138.000000
142.000000
151.000000
159.000000
160.000000
164.000000
168.000000
172.000000
175.000000
176.000000
180.000000
185.000000
191.000000
192.000000
198.000000
199.000000
201.000000
203.000000
210.000000
217.000000
221.000000
225.000000
228.000000
229.000000
238.000000
239.000000
249.000000
249.000000
254.000000
257.000000
260.000000
266.000000
267.000000
269.000000
274.000000
277.000000
284.000000
287.000000
293.000000
294.000000
295.000000
301.000000
302.000000
312.000000
313.000000
315.000000
321.000000
321.000000
329.000000
335.000000
342.000000
346.000000
351.000000
