15.000000
228.000000
190.000000
136.000000
369.000000
52.000000
113.000000
76.000000
21.000000
251.000000
290.000000
13.000000
33.000000
9.000000
90.000000
145.000000
240.000000
215.000000
6.000000
74.000000
40.000000
321.000000
285.000000
401.000000
41.000000
114.000000
163.000000
74.000000
45.000000
358.000000
29.000000
357.000000
23.000000
99.000000
131.000000
65.000000
316.000000
341.000000
120.000000
159.000000
196.000000
104.000000
199.000000
254.000000
201.000000
62.000000
360.000000
291.000000
