6.000000
7.000000
8.000000
9.000000
13.000000
14.000000
20.000000
28.000000
30.000000
36.000000
63.000000
66.000000
72.000000
81.000000
85.000000
90.000000
98.000000
100.000000
106.000000
107.000000
108.000000
110.000000
120.000000
120.000000
122.000000
126.000000
137.000000
138.000000
140.000000
141.000000
150.000000
156.000000
166.000000
166.000000
169.000000
176.000000
177.000000
212.000000
219.000000
224.000000
231.000000
237.000000
254.000000
274.000000
275.000000
281.000000
281.000000
290.000000
