22.000000
22.000000
47.000000
56.000000
56.000000
61.000000
66.000000
72.000000
73.000000
82.000000
88.000000
90.000000
90.000000
92.000000
95.000000
98.000000
101.000000
105.000000
107.000000
110.000000
117.000000
118.000000
123.000000
131.000000
136.000000
139.000000
139.000000
145.000000
151.000000
152.000000
153.000000
161.000000
163.000000
170.000000
176.000000
184.000000
187.000000
188.000000
189.000000
189.000000
193.000000
206.000000
212.000000
213.000000
215.000000
217.000000
218.000000
219.000000
231.000000
234.000000
236.000000
238.000000
240.000000
241.000000
245.000000
253.000000
257.000000
259.000000
262.000000
265.000000
265.000000
268.000000
278.000000
279.000000
282.000000
283.000000
284.000000
286.000000
287.000000
287.000000
294.000000
301.000000
301.000000
305.000000
308.000000
309.000000
315.000000
316.000000
318.000000
321.000000
328.000000
332.000000
333.000000
339.000000
340.000000
342.000000
343.000000
349.000000
353.000000
353.000000
359.000000
364.000000
380.000000
383.000000
383.000000
384.000000
384.000000
387.000000
389.000000
394.000000
402.000000
402.000000
403.000000
410.000000
411.000000
411.000000
414.000000
416.000000
422.000000
422.000000
424.000000
429.000000
443.000000
445.000000
449.000000
456.000000
462.000000
473.000000
475.000000
479.000000
481.000000
515.000000
534.000000
