17.000000
19.000000
20.000000
20.000000
20.000000
21.000000
21.000000
21.000000
22.000000
23.000000
27.000000
31.000000
32.000000
33.000000
33.000000
33.000000
33.000000
34.000000
34.000000
35.000000
35.000000
38.000000
39.000000
47.000000
47.000000
47.000000
49.000000
49.000000
49.000000
49.000000
50.000000
50.000000
51.000000
51.000000
52.000000
59.000000
60.000000
60.000000
64.000000
65.000000
65.000000
65.000000
65.000000
66.000000
66.000000
66.000000
68.000000
73.000000
76.000000
76.000000
77.000000
78.000000
79.000000
81.000000
81.000000
81.000000
81.000000
88.000000
89.000000
90.000000
91.000000
92.000000
92.000000
93.000000
95.000000
95.000000
96.000000
96.000000
96.000000
98.000000
100.000000
106.000000
107.000000
107.000000
107.000000
109.000000
110.000000
111.000000
112.000000
113.000000
113.000000
114.000000
118.000000
119.000000
121.000000
123.000000
124.000000
126.000000
126.000000
128.000000
128.000000
128.000000
129.000000
131.000000
135.000000
135.000000
137.000000
140.000000
143.000000
144.000000
144.000000
144.000000
145.000000
145.000000
149.000000
151.000000
151.000000
152.000000
154.000000
154.000000
158.000000
159.000000
159.000000
159.000000
159.000000
160.000000
162.000000
166.000000
166.000000
169.000000
170.000000
171.000000
172.000000
172.000000
175.000000
175.000000
175.000000
178.000000
179.000000
179.000000
182.000000
184.000000
184.000000
188.000000
188.000000
189.000000
191.000000
191.000000
193.000000
193.000000
196.000000
199.000000
199.000000
199.000000
200.000000
200.000000
207.000000
208.000000
208.000000
208.000000
208.000000
208.000000
214.000000
214.000000
215.000000
215.000000
215.000000
217.000000
218.000000
223.000000
224.000000
225.000000
225.000000
226.000000
228.000000
229.000000
230.000000
230.000000
231.000000
233.000000
234.000000
235.000000
238.000000
239.000000
243.000000
243.000000
244.000000
245.000000
246.000000
248.000000
248.000000
252.000000
253.000000
253.000000
254.000000
257.000000
260.000000
261.000000
261.000000
261.000000
262.000000
262.000000
264.000000
265.000000
269.000000
270.000000
271.000000
271.000000
275.000000
276.000000
278.000000
279.000000
280.000000
280.000000
281.000000
281.000000
283.000000
286.000000
288.000000
289.000000
290.000000
292.000000
293.000000
294.000000
296.000000
296.000000
298.000000
299.000000
300.000000
300.000000
305.000000
306.000000
306.000000
307.000000
309.000000
311.000000
312.000000
314.000000
315.000000
315.000000
317.000000
318.000000
320.000000
323.000000
325.000000
325.000000
325.000000
326.000000
328.000000
328.000000
329.000000
331.000000
332.000000
336.000000
336.000000
339.000000
343.000000
343.000000
343.000000
344.000000
344.000000
345.000000
345.000000
347.000000
348.000000
352.000000
352.000000
354.000000
357.000000
359.000000
360.000000
362.000000
362.000000
363.000000
363.000000
367.000000
368.000000
370.000000
371.000000
371.000000
371.000000
376.000000
