119.000000
53.000000
73.000000
147.000000
231.000000
255.000000
126.000000
22.000000
248.000000
372.000000
398.000000
117.000000
136.000000
278.000000
349.000000
41.000000
165.000000
70.000000
207.000000
21.000000
29.000000
165.000000
202.000000
338.000000
93.000000
32.000000
79.000000
16.000000
376.000000
187.000000
229.000000
360.000000
115.000000
17.000000
13.000000
82.000000
137.000000
307.000000
44.000000
151.000000
364.000000
13.000000
330.000000
213.000000
18.000000
270.000000
289.000000
130.000000
28.000000
175.000000
49.000000
296.000000
322.000000
133.000000
253.000000
87.000000
322.000000
72.000000
116.000000
14.000000
236.000000
356.000000
88.000000
56.000000
297.000000
70.000000
286.000000
125.000000
28.000000
150.000000
330.000000
88.000000
274.000000
19.000000
357.000000
12.000000
272.000000
16.000000
235.000000
47.000000
401.000000
278.000000
361.000000
78.000000
59.000000
35.000000
261.000000
165.000000
79.000000
346.000000
29.000000
338.000000
227.000000
350.000000
186.000000
16.000000
367.000000
39.000000
124.000000
184.000000
52.000000
246.000000
272.000000
297.000000
