20.000000
26.000000
34.000000
39.000000
46.000000
48.000000
74.000000
82.000000
108.000000
110.000000
113.000000
115.000000
117.000000
119.000000
121.000000
123.000000
131.000000
132.000000
133.000000
134.000000
137.000000
153.000000
153.000000
158.000000
166.000000
174.000000
179.000000
202.000000
202.000000
207.000000
216.000000
221.000000
236.000000
240.000000
262.000000
272.000000
272.000000
280.000000
284.000000
320.000000
321.000000
332.000000
333.000000
337.000000
341.000000
352.000000
357.000000
363.000000
365.000000
373.000000
382.000000
383.000000
388.000000
391.000000
402.000000
446.000000
450.000000
451.000000
460.000000
465.000000
468.000000
477.000000
478.000000
482.000000
486.000000
507.000000
507.000000
509.000000
512.000000
513.000000
537.000000
542.000000
543.000000
552.000000
562.000000
570.000000
577.000000
585.000000
600.000000
615.000000
618.000000
629.000000
636.000000
637.000000
639.000000
648.000000
648.000000
652.000000
658.000000
658.000000
677.000000
680.000000
692.000000
694.000000
707.000000
716.000000
716.000000
719.000000
723.000000
733.000000
747.000000
748.000000
749.000000
752.000000
