118.000000
337.000000
329.000000
366.000000
88.000000
13.000000
328.000000
390.000000
132.000000
400.000000
126.000000
184.000000
22.000000
227.000000
22.000000
364.000000
90.000000
132.000000
210.000000
399.000000
334.000000
374.000000
375.000000
300.000000
24.000000
109.000000
84.000000
256.000000
143.000000
103.000000
174.000000
44.000000
353.000000
352.000000
234.000000
294.000000
375.000000
17.000000
68.000000
141.000000
207.000000
394.000000
243.000000
222.000000
140.000000
140.000000
328.000000
94.000000
186.000000
216.000000
28.000000
281.000000
309.000000
104.000000
191.000000
192.000000
351.000000
331.000000
332.000000
219.000000
151.000000
178.000000
222.000000
299.000000
298.000000
47.000000
89.000000
250.000000
186.000000
219.000000
297.000000
112.000000
160.000000
374.000000
135.000000
185.000000
206.000000
393.000000
44.000000
222.000000
64.000000
262.000000
31.000000
113.000000
286.000000
236.000000
236.000000
308.000000
123.000000
27.000000
178.000000
94.000000
136.000000
147.000000
252.000000
146.000000
327.000000
261.000000
116.000000
132.000000
17.000000
178.000000
229.000000
335.000000
379.000000
56.000000
312.000000
176.000000
129.000000
268.000000
242.000000
195.000000
196.000000
385.000000
357.000000
199.000000
370.000000
68.000000
142.000000
230.000000
180.000000
335.000000
79.000000
361.000000
317.000000
154.000000
54.000000
186.000000
293.000000
104.000000
385.000000
21.000000
328.000000
329.000000
291.000000
354.000000
73.000000
368.000000
180.000000
143.000000
387.000000
337.000000
350.000000
207.000000
247.000000
29.000000
19.000000
197.000000
164.000000
332.000000
367.000000
368.000000
314.000000
293.000000
41.000000
330.000000
98.000000
215.000000
267.000000
288.000000
76.000000
394.000000
44.000000
269.000000
375.000000
375.000000
203.000000
109.000000
120.000000
145.000000
357.000000
67.000000
308.000000
309.000000
252.000000
252.000000
284.000000
390.000000
391.000000
33.000000
211.000000
341.000000
263.000000
388.000000
369.000000
305.000000
63.000000
256.000000
289.000000
5.000000
5.000000
275.000000
157.000000
31.000000
85.000000
238.000000
59.000000
179.000000
298.000000
2.000000
3.000000
362.000000
267.000000
268.000000
104.000000
198.000000
21.000000
45.000000
243.000000
72.000000
285.000000
107.000000
352.000000
45.000000
260.000000
260.000000
207.000000
208.000000
241.000000
313.000000
209.000000
38.000000
71.000000
239.000000
124.000000
244.000000
87.000000
308.000000
199.000000
55.000000
285.000000
286.000000
141.000000
310.000000
364.000000
73.000000
395.000000
272.000000
276.000000
245.000000
95.000000
210.000000
317.000000
169.000000
388.000000
108.000000
139.000000
78.000000
339.000000
108.000000
312.000000
125.000000
285.000000
294.000000
279.000000
280.000000
160.000000
219.000000
22.000000
88.000000
117.000000
287.000000
201.000000
360.000000
337.000000
95.000000
215.000000
311.000000
96.000000
77.000000
78.000000
140.000000
261.000000
