8.000000
9.000000
12.000000
14.000000
15.000000
17.000000
25.000000
26.000000
26.000000
27.000000
28.000000
31.000000
33.000000
34.000000
41.000000
46.000000
52.000000
53.000000
55.000000
68.000000
71.000000
76.000000
78.000000
80.000000
80.000000
80.000000
82.000000
83.000000
89.000000
92.000000
94.000000
113.000000
114.000000
116.000000
116.000000
121.000000
125.000000
126.000000
129.000000
129.000000
136.000000
137.000000
137.000000
139.000000
141.000000
142.000000
143.000000
143.000000
145.000000
153.000000
154.000000
156.000000
163.000000
163.000000
163.000000
164.000000
164.000000
165.000000
174.000000
174.000000
175.000000
177.000000
177.000000
177.000000
177.000000
181.000000
186.000000
187.000000
187.000000
187.000000
188.000000
188.000000
191.000000
193.000000
196.000000
197.000000
198.000000
206.000000
208.000000
211.000000
218.000000
219.000000
222.000000
228.000000
231.000000
231.000000
233.000000
238.000000
238.000000
241.000000
242.000000
242.000000
242.000000
246.000000
249.000000
249.000000
255.000000
256.000000
261.000000
262.000000
265.000000
266.000000
271.000000
271.000000
274.000000
277.000000
278.000000
283.000000
284.000000
284.000000
287.000000
292.000000
294.000000
294.000000
295.000000
297.000000
300.000000
308.000000
309.000000
310.000000
310.000000
311.000000
311.000000
317.000000
319.000000
321.000000
321.000000
321.000000
327.000000
328.000000
329.000000
330.000000
334.000000
338.000000
340.000000
342.000000
344.000000
346.000000
355.000000
355.000000
357.000000
359.000000
361.000000
365.000000
367.000000
367.000000
370.000000
372.000000
375.000000
376.000000
378.000000
385.000000
386.000000
388.000000
393.000000
395.000000
400.000000
401.000000
405.000000
408.000000
409.000000
417.000000
418.000000
423.000000
427.000000
427.000000
434.000000
435.000000
436.000000
438.000000
440.000000
441.000000
448.000000
449.000000
452.000000
459.000000
460.000000
465.000000
465.000000
470.000000
470.000000
472.000000
472.000000
475.000000
477.000000
485.000000
489.000000
491.000000
500.000000
501.000000
507.000000
511.000000
512.000000
512.000000
517.000000
530.000000
531.000000
535.000000
535.000000
537.000000
544.000000
557.000000
560.000000
563.000000
567.000000
569.000000
573.000000
575.000000
577.000000
578.000000
584.000000
588.000000
590.000000
591.000000
594.000000
603.000000
610.000000
613.000000
616.000000
619.000000
625.000000
626.000000
633.000000
634.000000
634.000000
638.000000
642.000000
643.000000
655.000000
670.000000
675.000000
687.000000
701.000000
706.000000
707.000000
715.000000
715.000000
726.000000
740.000000
740.000000
750.000000
750.000000
753.000000
756.000000
762.000000
762.000000
767.000000
770.000000
774.000000
776.000000
779.000000
783.000000
788.000000
801.000000
811.000000
813.000000
815.000000
820.000000
822.000000
824.000000
827.000000
831.000000
833.000000
834.000000
836.000000
838.000000
843.000000
851.000000
852.000000
