78.000000
123.000000
164.000000
77.000000
186.000000
48.000000
192.000000
51.000000
200.000000
219.000000
44.000000
21.000000
84.000000
280.000000
159.000000
70.000000
233.000000
96.000000
117.000000
124.000000
56.000000
44.000000
43.000000
267.000000
10.000000
155.000000
179.000000
129.000000
33.000000
208.000000
158.000000
157.000000
246.000000
6.000000
236.000000
66.000000
280.000000
90.000000
209.000000
101.000000
199.000000
171.000000
3.000000
66.000000
134.000000
106.000000
37.000000
271.000000
104.000000
5.000000
91.000000
208.000000
243.000000
272.000000
161.000000
48.000000
47.000000
176.000000
25.000000
222.000000
133.000000
259.000000
260.000000
107.000000
96.000000
6.000000
145.000000
192.000000
172.000000
221.000000
78.000000
31.000000
43.000000
51.000000
118.000000
119.000000
194.000000
178.000000
272.000000
78.000000
3.000000
214.000000
144.000000
247.000000
126.000000
94.000000
85.000000
190.000000
39.000000
28.000000
217.000000
277.000000
61.000000
247.000000
11.000000
164.000000
145.000000
242.000000
107.000000
132.000000
204.000000
193.000000
241.000000
272.000000
34.000000
80.000000
160.000000
128.000000
138.000000
60.000000
193.000000
103.000000
252.000000
279.000000
31.000000
163.000000
149.000000
6.000000
37.000000
218.000000
72.000000
114.000000
173.000000
191.000000
216.000000
245.000000
281.000000
24.000000
148.000000
215.000000
50.000000
194.000000
95.000000
254.000000
279.000000
23.000000
7.000000
154.000000
233.000000
154.000000
207.000000
194.000000
70.000000
47.000000
135.000000
118.000000
99.000000
100.000000
6.000000
