1.000000
1.000000
1.000000
2.000000
2.000000
4.000000
11.000000
18.000000
20.000000
20.000000
24.000000
25.000000
25.000000
27.000000
28.000000
31.000000
32.000000
33.000000
34.000000
35.000000
37.000000
39.000000
40.000000
43.000000
44.000000
48.000000
48.000000
52.000000
56.000000
59.000000
63.000000
64.000000
65.000000
67.000000
68.000000
69.000000
73.000000
74.000000
74.000000
76.000000
78.000000
80.000000
82.000000
87.000000
90.000000
94.000000
98.000000
98.000000
105.000000
108.000000
110.000000
114.000000
115.000000
116.000000
118.000000
122.000000
123.000000
123.000000
126.000000
130.000000
132.000000
138.000000
138.000000
141.000000
142.000000
143.000000
146.000000
146.000000
148.000000
154.000000
156.000000
158.000000
160.000000
161.000000
163.000000
163.000000
163.000000
166.000000
166.000000
183.000000
184.000000
184.000000
185.000000
187.000000
189.000000
190.000000
192.000000
196.000000
197.000000
200.000000
203.000000
203.000000
209.000000
210.000000
221.000000
222.000000
224.000000
224.000000
227.000000
230.000000
234.000000
235.000000
245.000000
245.000000
247.000000
255.000000
256.000000
261.000000
264.000000
269.000000
270.000000
273.000000
277.000000
283.000000
284.000000
285.000000
289.000000
293.000000
294.000000
296.000000
302.000000
304.000000
310.000000
310.000000
310.000000
311.000000
311.000000
324.000000
324.000000
328.000000
330.000000
331.000000
337.000000
345.000000
347.000000
352.000000
358.000000
358.000000
358.000000
359.000000
359.000000
364.000000
365.000000
368.000000
373.000000
379.000000
380.000000
380.000000
382.000000
