717.000000
435.000000
24.000000
648.000000
148.000000
109.000000
251.000000
287.000000
739.000000
343.000000
701.000000
312.000000
91.000000
210.000000
424.000000
533.000000
144.000000
647.000000
461.000000
743.000000
98.000000
574.000000
368.000000
493.000000
29.000000
303.000000
611.000000
245.000000
348.000000
546.000000
180.000000
672.000000
274.000000
505.000000
50.000000
129.000000
22.000000
320.000000
436.000000
737.000000
285.000000
244.000000
637.000000
103.000000
467.000000
343.000000
550.000000
305.000000
651.000000
689.000000
383.000000
529.000000
604.000000
82.000000
174.000000
442.000000
115.000000
474.000000
217.000000
19.000000
625.000000
354.000000
680.000000
94.000000
156.000000
714.000000
190.000000
286.000000
456.000000
66.000000
338.000000
638.000000
106.000000
36.000000
460.000000
674.000000
419.000000
140.000000
605.000000
65.000000
285.000000
227.000000
178.000000
651.000000
351.000000
377.000000
298.000000
34.000000
614.000000
133.000000
424.000000
473.000000
545.000000
376.000000
571.000000
488.000000
67.000000
141.000000
267.000000
537.000000
444.000000
21.000000
572.000000
709.000000
202.000000
388.000000
672.000000
47.000000
522.000000
311.000000
413.000000
358.000000
284.000000
41.000000
334.000000
191.000000
542.000000
653.000000
218.000000
252.000000
311.000000
472.000000
45.000000
582.000000
378.000000
671.000000
564.000000
306.000000
255.000000
16.000000
478.000000
667.000000
762.000000
524.000000
575.000000
631.000000
330.000000
72.000000
695.000000
374.000000
730.000000
400.000000
244.000000
113.000000
269.000000
571.000000
45.000000
85.000000
355.000000
505.000000
468.000000
693.000000
627.000000
551.000000
734.000000
580.000000
429.000000
344.000000
506.000000
199.000000
659.000000
709.000000
142.000000
608.000000
252.000000
60.000000
473.000000
546.000000
324.000000
685.000000
95.000000
354.000000
396.000000
123.000000
522.000000
716.000000
238.000000
725.000000
448.000000
482.000000
151.000000
58.000000
395.000000
579.000000
755.000000
527.000000
229.000000
30.000000
642.000000
598.000000
715.000000
335.000000
672.000000
420.000000
485.000000
112.000000
274.000000
364.000000
526.000000
416.000000
713.000000
459.000000
654.000000
392.000000
168.000000
241.000000
738.000000
573.000000
35.000000
623.000000
700.000000
428.000000
279.000000
323.000000
506.000000
479.000000
372.000000
630.000000
761.000000
49.000000
181.000000
681.000000
255.000000
401.000000
457.000000
353.000000
619.000000
550.000000
102.000000
131.000000
324.000000
707.000000
663.000000
576.000000
46.000000
258.000000
19.000000
641.000000
