9.000000
10.000000
13.000000
17.000000
18.000000
18.000000
21.000000
55.000000
62.000000
68.000000
72.000000
77.000000
85.000000
86.000000
89.000000
93.000000
96.000000
102.000000
104.000000
104.000000
112.000000
118.000000
122.000000
131.000000
131.000000
135.000000
140.000000
141.000000
146.000000
148.000000
155.000000
157.000000
159.000000
166.000000
171.000000
177.000000
181.000000
184.000000
185.000000
188.000000
202.000000
209.000000
210.000000
213.000000
213.000000
214.000000
225.000000
229.000000
232.000000
235.000000
236.000000
237.000000
241.000000
246.000000
253.000000
254.000000
256.000000
261.000000
265.000000
273.000000
278.000000
278.000000
279.000000
281.000000
283.000000
293.000000
299.000000
302.000000
304.000000
311.000000
312.000000
315.000000
316.000000
330.000000
334.000000
339.000000
347.000000
347.000000
348.000000
348.000000
355.000000
358.000000
374.000000
378.000000
380.000000
380.000000
382.000000
384.000000
397.000000
412.000000
418.000000
443.000000
444.000000
444.000000
472.000000
474.000000
522.000000
529.000000
529.000000
534.000000
