533.000000
584.000000
611.000000
338.000000
396.000000
434.000000
680.000000
616.000000
411.000000
487.000000
772.000000
230.000000
506.000000
294.000000
415.000000
541.000000
620.000000
746.000000
454.000000
147.000000
303.000000
677.000000
548.000000
278.000000
640.000000
520.000000
579.000000
411.000000
450.000000
353.000000
537.000000
641.000000
251.000000
497.000000
562.000000
247.000000
379.000000
286.000000
463.000000
790.000000
319.000000
414.000000
487.000000
219.000000
725.000000
531.000000
267.000000
698.000000
461.000000
498.000000
308.000000
575.000000
734.000000
396.000000
254.000000
593.000000
287.000000
317.000000
137.000000
394.000000
473.000000
289.000000
268.000000
677.000000
172.000000
504.000000
217.000000
474.000000
197.000000
309.000000
691.000000
440.000000
595.000000
402.000000
216.000000
239.000000
743.000000
188.000000
427.000000
573.000000
459.000000
598.000000
323.000000
383.000000
222.000000
524.000000
266.000000
200.000000
289.000000
628.000000
700.000000
341.000000
544.000000
235.000000
357.000000
151.000000
253.000000
685.000000
642.000000
754.000000
633.000000
733.000000
413.000000
561.000000
470.000000
513.000000
657.000000
322.000000
298.000000
505.000000
212.000000
365.000000
487.000000
316.000000
571.000000
595.000000
675.000000
464.000000
782.000000
527.000000
633.000000
743.000000
640.000000
