6.000000
26.000000
130.000000
160.000000
57.000000
71.000000
17.000000
154.000000
24.000000
150.000000
97.000000
168.000000
19.000000
124.000000
148.000000
154.000000
174.000000
89.000000
116.000000
7.000000
21.000000
40.000000
78.000000
95.000000
140.000000
172.000000
110.000000
128.000000
26.000000
92.000000
134.000000
176.000000
125.000000
14.000000
44.000000
135.000000
160.000000
173.000000
22.000000
41.000000
61.000000
112.000000
168.000000
156.000000
23.000000
110.000000
58.000000
175.000000
31.000000
24.000000
56.000000
92.000000
10.000000
24.000000
48.000000
108.000000
124.000000
9.000000
22.000000
178.000000
43.000000
110.000000
30.000000
15.000000
176.000000
25.000000
75.000000
87.000000
25.000000
161.000000
146.000000
12.000000
176.000000
85.000000
78.000000
100.000000
175.000000
161.000000
70.000000
84.000000
99.000000
107.000000
160.000000
118.000000
