16.000000
18.000000
19.000000
24.000000
119.000000
119.000000
126.000000
133.000000
141.000000
147.000000
148.000000
149.000000
160.000000
162.000000
163.000000
164.000000
164.000000
168.000000
169.000000
174.000000
176.000000
176.000000
177.000000
179.000000
180.000000
181.000000
183.000000
189.000000
191.000000
194.000000
195.000000
201.000000
216.000000
222.000000
224.000000
230.000000
230.000000
231.000000
238.000000
240.000000
242.000000
247.000000
247.000000
249.000000
254.000000
260.000000
264.000000
265.000000
274.000000
285.000000
289.000000
295.000000
299.000000
300.000000
303.000000
306.000000
310.000000
315.000000
316.000000
317.000000
318.000000
324.000000
332.000000
346.000000
346.000000
348.000000
351.000000
353.000000
359.000000
359.000000
360.000000
362.000000
362.000000
368.000000
369.000000
372.000000
379.000000
380.000000
381.000000
385.000000
389.000000
389.000000
394.000000
396.000000
