576.000000
577.000000
557.000000
629.000000
534.000000
628.000000
554.000000
418.000000
681.000000
586.000000
351.000000
488.000000
693.000000
506.000000
295.000000
543.000000
622.000000
747.000000
455.000000
564.000000
304.000000
549.000000
335.000000
323.000000
387.000000
522.000000
412.000000
259.000000
451.000000
353.000000
487.000000
642.000000
252.000000
498.000000
563.000000
249.000000
486.000000
286.000000
464.000000
164.000000
415.000000
220.000000
726.000000
268.000000
533.000000
700.000000
462.000000
500.000000
309.000000
576.000000
397.000000
794.000000
255.000000
793.000000
287.000000
318.000000
486.000000
474.000000
290.000000
270.000000
173.000000
505.000000
219.000000
475.000000
198.000000
100.000000
404.000000
377.000000
241.000000
744.000000
189.000000
428.000000
574.000000
323.000000
385.000000
525.000000
201.000000
630.000000
140.000000
290.000000
701.000000
343.000000
545.000000
236.000000
151.000000
254.000000
686.000000
643.000000
328.000000
323.000000
204.000000
316.000000
193.000000
573.000000
289.000000
794.000000
576.000000
630.000000
642.000000
802.000000
