360.000000
74.000000
121.000000
280.000000
390.000000
88.000000
96.000000
391.000000
325.000000
306.000000
167.000000
74.000000
19.000000
182.000000
381.000000
88.000000
386.000000
11.000000
355.000000
89.000000
130.000000
186.000000
208.000000
372.000000
23.000000
83.000000
254.000000
141.000000
24.000000
351.000000
42.000000
100.000000
311.000000
292.000000
233.000000
372.000000
14.000000
67.000000
207.000000
326.000000
164.000000
26.000000
189.000000
350.000000
86.000000
150.000000
219.000000
297.000000
125.000000
13.000000
198.000000
377.000000
46.000000
247.000000
84.000000
388.000000
372.000000
133.000000
390.000000
261.000000
284.000000
306.000000
11.000000
250.000000
251.000000
325.000000
15.000000
227.000000
365.000000
99.000000
332.000000
36.000000
26.000000
311.000000
357.000000
128.000000
267.000000
248.000000
11.000000
310.000000
229.000000
173.000000
195.000000
367.000000
65.000000
247.000000
140.000000
178.000000
227.000000
333.000000
257.000000
340.000000
152.000000
51.000000
183.000000
363.000000
345.000000
103.000000
18.000000
363.000000
216.000000
71.000000
288.000000
178.000000
141.000000
382.000000
230.000000
242.000000
393.000000
18.000000
384.000000
195.000000
329.000000
291.000000
67.000000
339.000000
374.000000
125.000000
213.000000
269.000000
391.000000
12.000000
201.000000
250.000000
17.000000
133.000000
355.000000
103.000000
145.000000
307.000000
264.000000
250.000000
380.000000
62.000000
389.000000
11.000000
209.000000
32.000000
339.000000
287.000000
123.000000
217.000000
232.000000
155.000000
252.000000
133.000000
99.000000
342.000000
235.000000
224.000000
57.000000
177.000000
142.000000
158.000000
239.000000
266.000000
102.000000
264.000000
389.000000
35.000000
243.000000
196.000000
55.000000
19.000000
390.000000
70.000000
282.000000
105.000000
350.000000
174.000000
206.000000
311.000000
36.000000
191.000000
70.000000
276.000000
121.000000
242.000000
85.000000
65.000000
139.000000
53.000000
381.000000
259.000000
393.000000
243.000000
269.000000
315.000000
383.000000
137.000000
36.000000
337.000000
387.000000
158.000000
217.000000
278.000000
86.000000
113.000000
331.000000
354.000000
243.000000
389.000000
164.000000
184.000000
64.000000
231.000000
232.000000
138.000000
