11.000000
13.000000
13.000000
13.000000
13.000000
16.000000
27.000000
28.000000
41.000000
43.000000
44.000000
52.000000
54.000000
54.000000
54.000000
60.000000
66.000000
67.000000
67.000000
71.000000
71.000000
71.000000
73.000000
76.000000
87.000000
91.000000
94.000000
97.000000
111.000000
111.000000
112.000000
120.000000
120.000000
123.000000
124.000000
126.000000
128.000000
131.000000
131.000000
145.000000
148.000000
157.000000
164.000000
164.000000
169.000000
172.000000
175.000000
181.000000
183.000000
186.000000
188.000000
191.000000
193.000000
194.000000
195.000000
198.000000
205.000000
208.000000
212.000000
217.000000
223.000000
233.000000
234.000000
236.000000
246.000000
249.000000
267.000000
271.000000
271.000000
279.000000
283.000000
285.000000
288.000000
290.000000
292.000000
299.000000
301.000000
302.000000
303.000000
308.000000
309.000000
312.000000
312.000000
316.000000
319.000000
319.000000
322.000000
324.000000
325.000000
325.000000
327.000000
337.000000
341.000000
346.000000
349.000000
349.000000
352.000000
353.000000
368.000000
368.000000
376.000000
377.000000
377.000000
383.000000
388.000000
388.000000
391.000000
393.000000
397.000000
406.000000
409.000000
411.000000
411.000000
424.000000
427.000000
427.000000
428.000000
430.000000
432.000000
449.000000
449.000000
455.000000
456.000000
456.000000
457.000000
458.000000
465.000000
467.000000
470.000000
470.000000
473.000000
474.000000
477.000000
478.000000
480.000000
486.000000
488.000000
489.000000
489.000000
495.000000
497.000000
499.000000
499.000000
500.000000
501.000000
502.000000
505.000000
505.000000
507.000000
511.000000
515.000000
515.000000
517.000000
523.000000
523.000000
523.000000
525.000000
527.000000
527.000000
529.000000
530.000000
531.000000
537.000000
538.000000
540.000000
544.000000
546.000000
547.000000
547.000000
551.000000
552.000000
557.000000
562.000000
566.000000
568.000000
572.000000
577.000000
587.000000
589.000000
591.000000
597.000000
598.000000
604.000000
605.000000
606.000000
611.000000
616.000000
618.000000
627.000000
639.000000
646.000000
657.000000
662.000000
669.000000
669.000000
669.000000
676.000000
688.000000
689.000000
689.000000
693.000000
693.000000
694.000000
697.000000
698.000000
699.000000
700.000000
701.000000
