10.000000
111.000000
5.000000
55.000000
166.000000
24.000000
56.000000
90.000000
184.000000
63.000000
75.000000
13.000000
6.000000
35.000000
90.000000
148.000000
179.000000
172.000000
20.000000
30.000000
76.000000
108.000000
157.000000
142.000000
181.000000
38.000000
105.000000
149.000000
157.000000
182.000000
13.000000
27.000000
40.000000
77.000000
106.000000
153.000000
177.000000
13.000000
87.000000
168.000000
16.000000
27.000000
46.000000
108.000000
85.000000
171.000000
178.000000
9.000000
23.000000
42.000000
87.000000
150.000000
10.000000
22.000000
98.000000
83.000000
89.000000
147.000000
171.000000
15.000000
81.000000
101.000000
149.000000
159.000000
170.000000
187.000000
32.000000
90.000000
148.000000
181.000000
23.000000
79.000000
90.000000
115.000000
148.000000
9.000000
23.000000
44.000000
87.000000
106.000000
176.000000
33.000000
46.000000
106.000000
147.000000
160.000000
185.000000
15.000000
27.000000
41.000000
79.000000
93.000000
114.000000
157.000000
179.000000
12.000000
26.000000
169.000000
82.000000
89.000000
108.000000
158.000000
181.000000
48.000000
10.000000
74.000000
90.000000
106.000000
114.000000
150.000000
173.000000
187.000000
