5.000000
7.000000
74.000000
85.000000
112.000000
116.000000
116.000000
116.000000
122.000000
129.000000
130.000000
138.000000
154.000000
158.000000
160.000000
161.000000
161.000000
162.000000
175.000000
175.000000
175.000000
177.000000
177.000000
179.000000
179.000000
193.000000
195.000000
196.000000
196.000000
197.000000
208.000000
208.000000
209.000000
211.000000
213.000000
214.000000
214.000000
224.000000
229.000000
232.000000
243.000000
243.000000
245.000000
247.000000
248.000000
251.000000
252.000000
258.000000
260.000000
262.000000
265.000000
267.000000
276.000000
277.000000
281.000000
282.000000
282.000000
286.000000
287.000000
295.000000
295.000000
299.000000
303.000000
304.000000
305.000000
306.000000
312.000000
315.000000
321.000000
323.000000
328.000000
331.000000
333.000000
334.000000
339.000000
344.000000
346.000000
347.000000
352.000000
352.000000
359.000000
363.000000
365.000000
369.000000
373.000000
374.000000
377.000000
378.000000
380.000000
380.000000
383.000000
385.000000
387.000000
393.000000
394.000000
396.000000
396.000000
400.000000
402.000000
402.000000
406.000000
410.000000
413.000000
414.000000
415.000000
418.000000
421.000000
425.000000
425.000000
428.000000
430.000000
431.000000
