535.000000
587.000000
541.000000
614.000000
660.000000
436.000000
681.000000
618.000000
415.000000
337.000000
352.000000
489.000000
620.000000
507.000000
774.000000
296.000000
417.000000
623.000000
456.000000
477.000000
499.000000
305.000000
550.000000
704.000000
509.000000
196.000000
324.000000
387.000000
581.000000
741.000000
522.000000
413.000000
619.000000
451.000000
354.000000
539.000000
643.000000
254.000000
164.000000
500.000000
564.000000
249.000000
366.000000
381.000000
287.000000
465.000000
416.000000
530.000000
530.000000
221.000000
221.000000
726.000000
269.000000
700.000000
478.000000
533.000000
253.000000
462.000000
500.000000
310.000000
398.000000
255.000000
275.000000
450.000000
753.000000
288.000000
319.000000
559.000000
457.000000
290.000000
174.000000
506.000000
219.000000
339.000000
476.000000
199.000000
442.000000
405.000000
378.000000
241.000000
190.000000
575.000000
686.000000
382.000000
242.000000
385.000000
224.000000
269.000000
630.000000
141.000000
124.000000
701.000000
343.000000
621.000000
545.000000
237.000000
153.000000
255.000000
687.000000
644.000000
471.000000
518.000000
323.000000
214.000000
226.000000
190.000000
573.000000
598.000000
621.000000
642.000000
