19.000000
19.000000
44.000000
44.000000
56.000000
59.000000
63.000000
69.000000
71.000000
73.000000
73.000000
78.000000
78.000000
86.000000
87.000000
89.000000
94.000000
97.000000
105.000000
107.000000
110.000000
113.000000
119.000000
119.000000
122.000000
125.000000
132.000000
133.000000
135.000000
135.000000
136.000000
141.000000
145.000000
146.000000
149.000000
150.000000
158.000000
159.000000
161.000000
167.000000
172.000000
179.000000
183.000000
183.000000
185.000000
186.000000
202.000000
203.000000
204.000000
210.000000
211.000000
212.000000
214.000000
214.000000
215.000000
215.000000
222.000000
227.000000
230.000000
233.000000
236.000000
241.000000
243.000000
243.000000
247.000000
254.000000
254.000000
255.000000
261.000000
265.000000
279.000000
279.000000
280.000000
282.000000
282.000000
284.000000
298.000000
302.000000
303.000000
306.000000
313.000000
318.000000
321.000000
325.000000
331.000000
335.000000
336.000000
339.000000
348.000000
349.000000
352.000000
356.000000
360.000000
370.000000
375.000000
379.000000
381.000000
381.000000
383.000000
386.000000
406.000000
409.000000
413.000000
420.000000
424.000000
429.000000
446.000000
450.000000
458.000000
531.000000
